1628058876.21136 3.3482308105422e-28 -1.82111601521524e-27 -8.34232337306789e-26 -1.49983208123706e-32 1.45286912487824e-34 -6.67556759741543e-32 1
1628058882.22312 0.570187091827393 0.0071032433770597 0.011491852812469 -0.000366270730489431 -0.000615048146491311 -0.000952267991254781 0.999999290373349
1628058883.22511 1.12914454936981 0.0229796823114157 0.0197473466396332 -0.000641402368042162 -0.00126738834275693 -0.0022819538774251 0.999996387501621
1628058884.22717 1.65558874607086 0.0295944642275572 0.024504728615284 -0.000869413957956116 -0.00193467706493682 -0.00522061592824157 0.999984123030638
1628058885.02964 2.21345019340515 0.0327925644814968 0.00278312875889242 -0.000991995250880951 -0.00152240247669961 -0.00681645880837245 0.999975116753129
1628058885.831 2.82407593727112 0.0476269088685513 -0.00491069722920656 -0.00139732035241507 -0.00137774047508204 -0.0075533898382099 0.999969547350802
1628058886.43134 3.33077931404114 0.0450833141803741 -0.013923104852438 -0.00124811661733708 -0.00113235939289059 -0.00824651758873571 0.999964576829986
1628058887.03251 3.83134794235229 0.0417753271758556 -0.00623938860371709 -0.00125165147329754 -0.00167445157590524 -0.00850258657369475 0.999961667066326
1628058887.63371 4.35125970840454 0.0332476422190666 -0.0121745206415653 -0.00154435988081771 -0.00175157900636259 -0.00728016351291788 0.999970772644265
1628058888.23487 4.88805675506592 0.0564042031764984 -0.00772284669801593 -0.00170046493948618 -0.00200710666005863 -0.00117260731240778 0.999995852458367
1628058888.83605 5.43691873550415 0.0651674345135689 -0.0129950689151883 -0.00163159263410345 -0.00213153996809703 0.00514420750110281 0.999983165644315
1628058889.43726 5.9733681678772 0.0750140175223351 -0.00728888576850295 -0.00164856876053999 -0.00265813118921623 0.0110299161074523 0.99993427659536
1628058890.03839 6.52197551727295 0.108617462217808 -0.00107784348074347 -0.00180777665062699 -0.00282404481618865 0.0172745373646814 0.999845161549174
1628058890.63957 7.07311820983887 0.144852817058563 -0.00804661680012941 -0.00166957683568058 -0.00276421676601778 0.0231264138840479 0.99972733312625
1628058891.24075 7.61000347137451 0.17538195848465 -0.00414694473147392 -0.00191306782364429 -0.00293687238791287 0.0293147711675805 0.999564084560601
1628058891.84229 8.16457366943359 0.229788675904274 -0.00787872355431318 -0.00212368151070362 -0.00286252439420361 0.0352960962671275 0.999370542651341
1628058892.44312 8.7157678604126 0.286997646093369 -0.00465451832860708 -0.002394056697266 -0.00281722971076493 0.0389404479135544 0.999234693765974
1628058893.0443 9.29595565795898 0.347486436367035 -0.0156849734485149 -0.00249499275575111 -0.00260028483069934 0.0409377188342588 0.999155201511054
1628058893.64555 9.87830829620361 0.402574062347412 -0.0191598068922758 -0.00213498791895039 -0.00259657854133939 0.0410802606066674 0.999150194813049
1628058894.24662 10.4271783828735 0.469695270061493 0.00410851743072271 -0.00231705363247827 -0.00361236918391161 0.0392655941097994 0.999219593067784
1628058894.84779 10.9495601654053 0.519036829471588 -0.00858764071017504 -0.00227594946813629 -0.00360360275379143 0.0352422730015883 0.999369709514398
1628058895.64937 11.5147428512573 0.584343075752258 0.0596761256456375 -0.00246490937493688 -0.0255541972753682 0.0214572475627477 0.999440090125674
1628058896.25055 12.0994119644165 0.614593625068665 -0.0126273389905691 -0.00577043478938037 0.027490344685273 0.0074351801407929 0.999577761421141
1628058896.85172 12.6687698364258 0.623932778835297 0.00497229211032391 -0.00127977700694046 -0.00150470867242866 -0.00965502348297098 0.999951438092954
1628058897.65328 13.326042175293 0.606065630912781 0.0104189328849316 -0.000324717761048128 -0.00395070450216499 -0.0279149200225301 0.999602442840376
1628058898.45489 14.011284828186 0.581749737262726 0.00600354420021176 -0.00474417262545975 0.00357085049452499 -0.0399274880979924 0.99918493660935
1628058899.05633 14.6238689422607 0.546591401100159 -0.000180317554622889 -0.00751364593261905 0.00276817409777678 -0.0500592275348524 0.998714151334393
1628058899.65723 15.2774505615234 0.517628788948059 -0.0149349253624678 -0.0189352590002664 0.0108566336988934 -0.059549910447787 0.997986672073822
1628058900.25918 15.8801574707031 0.452374249696732 -0.00100772397127002 -0.022691492716636 -0.00196093863121136 -0.0658949311994272 0.997566593727054
1628058900.85978 16.4206562042236 0.397729873657227 0.00989066064357758 -0.0182318657125257 -0.00874895516603752 -0.0693492860187544 0.99738745299148
1628058901.46085 16.9367847442627 0.358204662799835 0.0179986655712128 -0.0169104448323743 -0.0139595108159468 -0.076362741082975 0.99683895423867
1628058902.06201 17.5166492462158 0.271902590990067 -0.000939407385885715 -0.00981971846397083 -0.00691668441765001 -0.0916340269749651 0.995720310984117
1628058902.66436 18.109769821167 0.157627865672112 0.0639699250459671 -0.00552698830346099 -0.0112115741238196 -0.113010639688999 0.993515147505584
1628058903.26426 18.7193851470947 0.0340551100671291 0.0492168851196766 -0.00237475574473445 -0.0042975972741532 -0.140848690031546 0.990018958257477
