1628058876.21136
1628058882.22312
1628058883.22511
1628058884.22717
1628058885.02964
1628058885.831
1628058886.43134
1628058887.03251
1628058887.63371
1628058888.23487
1628058888.83605
1628058889.43726
1628058890.03839
1628058890.63957
1628058891.24075
1628058891.84229
1628058892.44312
1628058893.0443
1628058893.64555
1628058894.24662
1628058894.84779
1628058895.64937
1628058896.25055
1628058896.85172
1628058897.65328
1628058898.45489
1628058899.05633
1628058899.65723
1628058900.25918
1628058900.85978
1628058901.46085
1628058902.06201
1628058902.66436
1628058903.26426
1628058903.86543
1628058904.4666
1628058905.06778
1628058905.66896
1628058906.2702
1628058906.87388
1628058907.47384
1628058908.0737
1628058908.67525
1628058909.27607
1628058909.87719
1628058910.47836
1628058911.07967
1628058911.68366
1628058912.2819
1628058913.08346
1628058913.68465
1628058914.2859
1628058914.88709
1628058915.68857
1628058916.28976
1628058916.89092
1628058917.4921
1628058918.09327
1628058918.69451
1628058919.49602
1628058920.29758
1628058920.89877
1628058921.50277
1628058922.10111
1628058922.70228
1628058923.30346
1628058923.90464
1628058924.50581
1628058925.10699
1628058925.70818
1628058926.30934
1628058926.91052
1628058927.51172
1628058928.11312
1628058928.7141
1628058929.31521
1628058929.9164
1628058930.51756
1628058931.11878
1628058931.71992
1628058932.32114
1628058932.92231
1628058933.42331
1628058934.02444
1628058934.62563
1628058935.2268
1628058935.82798
1628058936.42915
1628058937.03032
1628058937.63148
1628058938.43305
1628058939.23463
1628058940.23659
1628058941.23857
1628058942.24051
1628058943.24252
1628058944.24448
1628058945.04599
1628058945.54709
1628058946.24895
1628058947.05003
1628058947.85386
1628058948.65309
1628058949.45462
1628058950.25963
1628058950.85803
1628058951.45881
1628058952.26012
1628058953.06241
1628058953.86336
1628058954.66481
1628058955.46638
1628058956.26986
1628058956.86913
1628058957.47031
1628058958.07149
1628058958.87306
1628058959.87511
1628058960.67658
1628058961.47819
1628058962.27971
1628058963.08133
1628058963.88284
1628058964.68442
1628058965.48604
1628058966.28755
1628058967.08912
1628058967.8907
1628058968.49188
1628058969.09305
1628058969.69431
1628058970.29541
1628058970.89661
1628058971.49775
1628058972.09933
1628058972.70011
1628058973.50184
1628058974.10373
1628058974.70451
1628058975.30519
1628058975.90639
1628058976.70794
1628058977.50956
1628058978.31138
1628058979.11264
1628058979.91422
1628058980.51539
1628058981.11657
1628058981.71836
1628058982.51931
1628058983.32089
1628058984.12245
1628058984.92402
1628058985.52521
1628058986.32679
1628058987.12837
1628058987.9299
1628058988.73149
1628058989.53307
1628058990.13421
1628058990.7354
1628058991.33658
1628058992.13816
1628058992.93973
1628058993.74128
1628058994.54286
1628058995.34443
1628058996.14598
1628058996.74716
1628058997.34833
1628058997.94953
1628058998.55073
1628058999.35228
1628059000.15384
1628059000.9554
1628059001.55663
1628059002.15777
1628059002.75893
1628059003.36018
1628059003.96155
1628059004.76287
1628059005.56444
1628059006.36627
1628059007.16755
1628059007.96924
