0.102989435 144000
0.203131437 144000
0.303016424 144000
0.402976513 144000
0.502960443 144000
0.602931499 144000
0.703124523 144000
0.802955389 144000
0.903048515 144000
1.00307631 144000
1.10306144 144000
1.20310736 144000
1.30312753 144000
1.40311146 144000
1.50307941 144000
1.60315847 144000
1.7030375 144000
1.80309534 144000
1.9031074 144000
2.00323248 144000
2.10321236 144000
2.20318031 144000
2.30305552 144000
2.40301538 144000
2.50319934 144000
2.60315251 144000
2.7029655 144000
2.80305648 144000
2.90319943 144000
3.00307751 144000
3.1031394 144000
3.20310545 144000
3.3031745 144000
3.40316153 144000
3.50316143 144000
3.60316944 144000
3.70315433 144000
3.80302238 144000
3.90304732 144000
4.00326037 144000
4.10317039 144000
4.20313549 144000
4.30313945 144000
4.40322042 144000
4.50320649 144000
4.6032114 144000
4.70312333 144000
4.80313349 144000
4.90305448 144000
5.00300646 144000
5.10314631 144000
5.20311832 144000
5.30300331 144000
5.40302634 144000
5.50299144 144000
5.60309052 144000
5.70305943 144000
5.80311441 144000
5.90306234 144000
6.00297451 144000
6.10318041 144000
6.20318747 144000
6.30313134 144000
6.40316653 144000
6.50315332 144000
6.60326743 144000
6.70315433 144000
6.80309343 144000
6.90312648 144000
7.00315952 144000
7.10326147 144000
7.2032094 144000
7.30317831 144000
7.40309739 144000
7.50305843 144000
7.60303354 144000
7.70310545 144000
7.80302453 144000
7.90309143 144000
8.00311446 144000
8.10318637 144000
8.20311832 144000
8.30332351 144000
8.40325332 144000
8.50316238 144000
8.60306144 144000
8.70315051 144000
8.80317736 144000
8.9031744 144000
9.00316334 144000
9.10314751 144000
9.20313048 144000
9.30302954 144000
9.40305233 144000
9.50314641 144000
9.60311246 144000
9.70304537 144000
9.80298233 144000
9.90309143 144000
10.0030904 144000
10.1030734 144000
10.2028885 144000
10.3031344 144000
10.4030175 144000
10.5031614 144000
10.6031194 144000
10.7031074 144000
10.8032694 144000
10.9033194 144000
11.0032444 144000
11.1032925 144000
11.2033374 144000
11.3030744 144000
11.4031744 144000
11.5031354 144000
11.6030574 144000
11.7031274 144000
11.8031473 144000
11.9031954 144000
12.0032725 144000
12.1032784 144000
12.2032225 144000
12.3031585 144000
12.4030225 144000
12.5031705 144000
12.6030474 144000
12.7029555 144000
12.8030593 144000
12.9030104 144000
13.0031285 144000
13.1032224 144000
13.2032015 144000
13.3030255 144000
13.4030704 144000
13.5030975 144000
13.6028485 144000
13.7028353 144000
13.8028655 144000
13.9029255 144000
14.0030525 144000
14.1029763 144000
14.2030344 144000
14.3029964 144000
14.4031115 144000
14.5029814 144000
14.6029944 144000
14.7031014 144000
14.8029103 144000
14.9030275 144000
15.0028784 144000
15.1030483 144000
15.2029724 144000
15.3030334 144000
15.4030564 144000
15.5029905 144000
15.6030705 144000
15.7031615 144000
15.8030605 144000
15.9030833 144000
16.0031614 144000
16.1031985 144000
16.2031915 144000
16.3032124 144000
16.4032505 144000
16.5032244 144000
16.6031654 144000
16.7032413 144000
16.8030803 144000
16.9031904 144000
17.0032434 144000
17.1032584 144000
17.2032623 144000
17.3032553 144000
17.4033315 144000
17.5033324 144000
17.6033404 144000
17.7031765 144000
17.8033273 144000
17.9033353 144000
18.0033875 144000
18.1033514 144000
18.2032995 144000
18.3032205 144000
18.4029944 144000
18.5031934 144000
18.6031725 144000
18.7030895 144000
18.8032315 144000
18.9031343 144000
19.0030534 144000
19.1029763 144000
19.2030034 144000
19.3030643 144000
19.4031305 144000
19.5031955 144000
19.6032765 144000
19.7031114 144000
19.8030484 144000
19.9030664 144000
20.0031645 144000
20.1031845 144000
20.2031765 144000
20.3033605 144000
20.4033685 144000
20.5031223 144000
20.6031084 144000
20.7031074 144000
20.8030374 144000
20.9031603 144000
21.0031245 144000
21.1028805 144000
21.2030094 144000
21.3029375 144000
21.4029555 144000
21.5030265 144000
21.6031764 144000
21.7029943 144000
21.8029354 144000
21.9030275 144000
22.0029345 144000
22.1029265 144000
22.2030804 144000
22.3031085 144000
22.4031844 144000
22.5029895 144000
22.6030273 144000
22.7031074 144000
22.8030684 144000
22.9031124 144000
23.0031404 144000
23.1031303 144000
23.2031615 144000
23.3031044 144000
23.4031355 144000
23.5032065 144000
23.6031244 144000
23.7030694 144000
23.8029354 144000
23.9029725 144000
24.0029683 144000
24.1028855 144000
24.2029994 144000
24.3029435 144000
24.4030035 144000
24.5030215 144000
24.6031084 144000
24.7031014 144000
24.8031645 144000
24.9031665 144000
25.0031354 144000
25.1030915 144000
25.2030034 144000
25.3031044 144000
25.4031394 144000
25.5032203 144000
25.6032145 144000
25.7032924 144000
25.8030705 144000
25.9031405 144000
26.0031304 144000
26.1032484 144000
26.2032554 144000
26.3033264 144000
26.4032545 144000
26.5032265 144000
26.6032054 144000
26.7031505 144000
26.8031185 144000
26.9030914 144000
27.0032864 144000
27.1032794 144000
27.2030835 144000
27.3031385 144000
27.4030335 144000
27.5030065 144000
27.6030734 144000
27.7030005 144000
27.8030374 144000
27.9030445 144000
28.0030184 144000
28.1029344 144000
28.2029445 144000
28.3030274 144000
28.4030745 144000
28.5030425 144000
28.6030624 144000
28.7031853 144000
28.8031485 144000
28.9031584 144000
29.0030975 144000
29.1030965 144000
29.2031424 144000
29.3030515 144000
29.4030373 144000
29.5031073 144000
29.6031585 144000
29.7029455 144000
29.8029995 144000
29.9031594 144000
30.0031784 144000
30.1032624 144000
30.2031784 144000
30.3029554 144000
30.4029834 144000
30.5030634 144000
30.6030445 144000
30.7030034 144000
30.8031313 144000
30.9030945 144000
31.0032823 144000
31.1029985 144000
31.2030265 144000
31.3030155 144000
31.4029703 144000
31.5031025 144000
31.6032455 144000
31.7030005 144000
31.8030083 144000
31.9030335 144000
32.0029914 144000
32.1030104 144000
32.2031164 144000
32.3031883 144000
32.4032595 144000
32.5030434 144000
32.6031625 144000
32.7032385 144000
32.8030953 144000
32.9031494 144000
33.0031674 144000
33.1031075 144000
33.2030694 144000
33.3030305 144000
33.4029984 144000
33.5029414 144000
33.6029863 144000
33.7029595 144000
33.8029664 144000
33.9030213 144000
34.0029614 144000
34.1029024 144000
34.2030034 144000
34.3029265 144000
34.4030275 144000
34.5029285 144000
34.6031084 144000
34.7031164 144000
34.8029525 144000
34.9029734 144000
35.0029755 144000
35.1030214 144000
35.2029865 144000
35.3030245 144000
35.4031453 144000
35.5031664 144000
35.6031663 144000
35.7030513 144000
35.8030434 144000
35.9032104 144000
36.0031724 144000
36.1031823 144000
36.2032354 144000
36.3030615 144000
36.4031484 144000
36.5031114 144000
36.6029894 144000
36.7030094 144000
36.8029413 144000
36.9029014 144000
37.0031304 144000
37.1031094 144000
37.2030823 144000
37.3031745 144000
37.4031394 144000
37.5030644 144000
37.6031094 144000
37.7030015 144000
37.8029413 144000
37.9028754 144000
38.0030453 144000
38.1029584 144000
38.2029605 144000
38.3030205 144000
38.4029315 144000
38.5029964 144000
38.6029904 144000
38.7030745 144000
38.8030474 144000
38.9032145 144000
39.0032043 144000
39.1030724 144000
39.2029943 144000
39.3029554 144000
39.4029024 144000
39.5030224 144000
39.6030014 144000
39.7030215 144000
39.8030355 144000
39.9032195 144000
40.0031745 144000
40.1031904 144000
40.2032104 144000
40.3031833 144000
40.4031374 144000
40.5031085 144000
40.6030984 144000
40.7030194 144000
40.8030074 144000
40.9030545 144000
41.0031185 144000
41.1030824 144000
41.2030995 144000
41.3029854 144000
41.4029734 144000
41.5030694 144000
41.6031995 144000
41.7031124 144000
41.8030584 144000
41.9031045 144000
42.0030134 144000
42.1031985 144000
42.2030153 144000
42.3029635 144000
42.4031525 144000
42.5029585 144000
42.6031415 144000
42.7030475 144000
42.8030605 144000
42.9030194 144000
43.0029645 144000
43.1031513 144000
43.2031674 144000
43.3029745 144000
43.4030733 144000
43.5030305 144000
43.6030135 144000
43.7031245 144000
43.8031495 144000
43.9031265 144000
44.0031145 144000
44.1031663 144000
44.2031083 144000
44.3030884 144000
44.4030144 144000
44.5030134 144000
44.6031525 144000
44.7030513 144000
44.8030505 144000
44.9029195 144000
45.0030963 144000
45.1030395 144000
45.2029483 144000
45.3029635 144000
45.4029903 144000
45.5030584 144000
45.6029255 144000
45.7030265 144000
45.8029265 144000
45.9031174 144000
46.0031524 144000
46.1031885 144000
46.2031395 144000
46.3030145 144000
46.4030235 144000
46.5031734 144000
46.6031115 144000
46.7031605 144000
46.8031723 144000
46.9030035 144000
47.0031884 144000
47.1029804 144000
47.2030814 144000
47.3031325 144000
47.4031343 144000
47.5031555 144000
47.6029384 144000
47.7029035 144000
47.8030765 144000
47.9029944 144000
48.0029783 144000
48.1029093 144000
48.2029774 144000
48.3030083 144000
48.4030004 144000
48.5030193 144000
48.6030364 144000
48.7030413 144000
48.8028843 144000
48.9030154 144000
49.0031345 144000
49.1031704 144000
49.2031784 144000
49.3031833 144000
49.4031794 144000
49.5032125 144000
49.6031895 144000
49.7030675 144000
49.8032913 144000
49.9031875 144000
50.0031583 144000
50.1031713 144000
50.2031574 144000
50.3032005 144000
50.4032114 144000
50.5031424 144000
50.6031215 144000
50.7029333 144000
50.8029175 144000
50.9028685 144000
51.0028884 144000
51.1027894 144000
51.2029715 144000
51.3028564 144000
51.4029295 144000
51.5029724 144000
51.6031125 144000
51.7029765 144000
51.8030803 144000
51.9030044 144000
52.0030875 144000
52.1030934 144000
52.2029943 144000
52.3029494 144000
52.4030075 144000
52.5031385 144000
52.6030724 144000
52.7030995 144000
52.8030095 144000
52.9030755 144000
53.0030725 144000
53.1030164 144000
53.2030525 144000
53.3030124 144000
53.4030194 144000
53.5030115 144000
53.6030223 144000
53.7029674 144000
53.8030255 144000
53.9029365 144000
54.0029445 144000
54.1030123 144000
54.2029943 144000
54.3030574 144000
54.4028873 144000
54.5029063 144000
54.6029394 144000
54.7029495 144000
54.8030274 144000
54.9030685 144000
55.0030854 144000
55.1030474 144000
55.2029965 144000
55.3030584 144000
55.4030094 144000
55.5031123 144000
55.6031215 144000
55.7032053 144000
55.8032334 144000
55.9032204 144000
56.0032144 144000
56.1031303 144000
56.2030194 144000
56.3030345 144000
56.4029605 144000
56.5028384 144000
56.6029525 144000
56.7029173 144000
56.8029845 144000
56.9030085 144000
57.0030243 144000
57.1028755 144000
57.2030745 144000
57.3030424 144000
57.4031405 144000
57.5029054 144000
57.6030834 144000
57.7029364 144000
57.8029444 144000
57.9028754 144000
58.0029244 144000
58.1031554 144000
58.2031775 144000
58.3030753 144000
58.4031224 144000
58.5030894 144000
58.6030955 144000
58.7031024 144000
58.8031554 144000
58.9031234 144000
59.0030804 144000
59.1030774 144000
59.2029965 144000
59.3030605 144000
59.4029825 144000
59.5030143 144000
59.6029503 144000
59.7028303 144000
59.8030615 144000
59.9029624 144000
60.0030165 144000
60.1030474 144000
60.2030125 144000
60.3030984 144000
60.4031255 144000
60.5030894 144000
60.6030984 144000
60.7030413 144000
60.8030674 144000
60.9030955 144000
61.0031784 144000
61.1030993 144000
61.2031944 144000
61.3031645 144000
61.4031754 144000
61.5029695 144000
61.6030965 144000
61.7029965 144000
61.8031363 144000
61.9031963 144000
62.0031955 144000
62.1031644 144000
62.2031035 144000
62.3030393 144000
62.4030495 144000
62.5030255 144000
62.6029315 144000
62.7029693 144000
62.8028214 144000
62.9028935 144000
63.0029204 144000
63.1029894 144000
63.2029793 144000
63.3029265 144000
63.4029944 144000
63.5028515 144000
63.6030173 144000
63.7028315 144000
63.8029203 144000
63.9028513 144000
64.0029774 144000
64.1030073 144000
64.2031395 144000
64.3031645 144000
64.4031515 144000
64.5031555 144000
64.6030815 144000
64.7031505 144000
64.8030534 144000
64.9030113 144000
65.0029655 144000
65.1030684 144000
65.2030375 144000
65.3030155 144000
65.4028635 144000
65.5028985 144000
65.6029375 144000
65.7029314 144000
65.8029873 144000
65.9030974 144000
66.0029554 144000
66.1031015 144000
66.2031355 144000
66.3031385 144000
66.4030244 144000
66.5031564 144000
66.6029615 144000
66.7030714 144000
66.8030033 144000
66.9028015 144000
67.0029635 144000
67.1029685 144000
67.2027705 144000
67.3027444 144000
67.4029593 144000
67.5028055 144000
67.6029763 144000
67.7029314 144000
67.8029785 144000
67.9029233 144000
68.0029075 144000
68.1029084 144000
68.2029934 144000
68.3030133 144000
68.4030313 144000
68.5030935 144000
68.6031075 144000
68.7031255 144000
68.8030133 144000
68.9030774 144000
69.0029013 144000
69.1030695 144000
69.2030754 144000
69.3031204 144000
69.4031484 144000
69.5031614 144000
69.6029644 144000
69.7029383 144000
69.8029764 144000
69.9028494 144000
70.0029163 144000
70.1029425 144000
70.2031484 144000
70.3029313 144000
70.4029424 144000
70.5029175 144000
70.6030285 144000
70.7028725 144000
70.8029435 144000
70.9030325 144000
71.0031254 144000
71.1030304 144000
71.2031605 144000
71.3031864 144000
71.4030313 144000
71.5030265 144000
71.6028924 144000
71.7029555 144000
71.8030305 144000
71.9030645 144000
72.0031495 144000
72.1031785 144000
72.2031434 144000
72.3032393 144000
72.4030364 144000
72.5029984 144000
72.6030405 144000
72.7031615 144000
72.8031495 144000
72.9031994 144000
73.0030165 144000
73.1029615 144000
73.2030265 144000
73.3029575 144000
73.4030764 144000
73.5031843 144000
73.6030524 144000
73.7031515 144000
73.8031294 144000
73.9031565 144000
74.0032713 144000
74.1030345 144000
74.2031853 144000
74.3030365 144000
74.4029605 144000
74.5031495 144000
74.6029174 144000
74.7029333 144000
74.8029945 144000
74.9028773 144000
75.0030234 144000
75.1031384 144000
75.2029874 144000
75.3032155 144000
75.4031544 144000
75.5031555 144000
75.6028514 144000
75.7028024 144000
75.8029695 144000
75.9029665 144000
76.0029163 144000
76.1029444 144000
76.2030215 144000
76.3030245 144000
76.4029715 144000
76.5030494 144000
76.6029735 144000
76.7030575 144000
76.8029344 144000
76.9028983 144000
77.0031085 144000
77.1030154 144000
77.2031133 144000
77.3030233 144000
77.4031005 144000
77.5029275 144000
77.6028144 144000
77.7028224 144000
77.8029265 144000
77.9029255 144000
78.0029664 144000
78.1028404 144000
78.2030535 144000
78.3029704 144000
78.4029634 144000
78.5029924 144000
78.6029353 144000
78.7030075 144000
78.8029394 144000
78.9029174 144000
79.0028665 144000
79.1029494 144000
79.2028835 144000
79.3029795 144000
79.4029574 144000
79.5030825 144000
79.6028774 144000
79.7030454 144000
79.8029075 144000
79.9030404 144000
80.0030274 144000
80.1028364 144000
80.2029624 144000
80.3028975 144000
80.4029024 144000
80.5031254 144000
80.6030245 144000
80.7030215 144000
80.8029153 144000
80.9029894 144000
81.0030425 144000
81.1030335 144000
81.2031245 144000
81.3030455 144000
81.4031084 144000
81.5032365 144000
81.6032445 144000
81.7030203 144000
81.8030953 144000
81.9031055 144000
82.0030193 144000
82.1030235 144000
82.2031593 144000
82.3030894 144000
82.4030755 144000
82.5029914 144000
82.6027653 144000
82.7027445 144000
82.8029084 144000
82.9028344 144000
83.0029564 144000
83.1029875 144000
83.2029274 144000
83.3031445 144000
83.4029484 144000
83.5029254 144000
83.6028113 144000
83.7030194 144000
83.8029594 144000
83.9029543 144000
84.0028534 144000
84.1029515 144000
84.2029414 144000
84.3027894 144000
84.4028554 144000
84.5027494 144000
84.6029265 144000
84.7028425 144000
84.8029015 144000
84.9029245 144000
85.0028684 144000
85.1027493 144000
85.2027223 144000
85.3027754 144000
85.4029074 144000
85.5030804 144000
85.6029844 144000
85.7031324 144000
85.8030424 144000
85.9029875 144000
86.0029213 144000
86.1029584 144000
86.2029445 144000
86.3029335 144000
86.4029744 144000
86.5029814 144000
86.6028774 144000
86.7029104 144000
86.8029695 144000
86.9029584 144000
87.0029454 144000
87.1029735 144000
87.2029483 144000
87.3029854 144000
87.4029994 144000
87.5028334 144000
87.6029265 144000
87.7028804 144000
87.8029554 144000
87.9029515 144000
88.0029855 144000
88.1029024 144000
88.2028704 144000
88.3029764 144000
88.4030225 144000
88.5030704 144000
88.6031215 144000
88.7029424 144000
88.8030844 144000
88.9031105 144000
89.0031285 144000
89.1030583 144000
89.2030485 144000
89.3030095 144000
89.4030004 144000
89.5029175 144000
89.6027405 144000
89.7028804 144000
89.8029404 144000
89.9030695 144000
90.0029604 144000
90.1029544 144000
90.2028675 144000
90.3029635 144000
90.4030054 144000
90.5030453 144000
90.6027894 144000
90.7030935 144000
90.8028514 144000
90.9029124 144000
91.0028925 144000
91.1027715 144000
91.2028575 144000
91.3028655 144000
91.4027705 144000
91.5028844 144000
91.6029034 144000
91.7029595 144000
91.8028715 144000
91.9028685 144000
92.0030024 144000
92.1030564 144000
92.2028913 144000
92.3028843 144000
92.4028494 144000
92.5028005 144000
92.6027334 144000
92.7029645 144000
92.8028924 144000
92.9029424 144000
93.0029364 144000
93.1030164 144000
93.2030485 144000
93.3029344 144000
93.4031603 144000
93.5032005 144000
93.6031835 144000
93.7029424 144000
93.8029613 144000
93.9028285 144000
94.0029805 144000
94.1029065 144000
94.2029755 144000
94.3029854 144000
94.4028344 144000
94.5029655 144000
94.6029394 144000
94.7028174 144000
94.8028405 144000
94.9028785 144000
95.0029075 144000
95.1029704 144000
95.2030084 144000
95.3029714 144000
95.4030645 144000
95.5030284 144000
95.6028955 144000
95.7028143 144000
95.8028705 144000
95.9029434 144000
96.0028644 144000
96.1028655 144000
96.2029054 144000
96.3029895 144000
96.4029105 144000
96.5027695 144000
96.6027424 144000
96.7029774 144000
96.8028305 144000
96.9029214 144000
97.0029814 144000
97.1027765 144000
97.2029223 144000
97.3028784 144000
97.4028485 144000
97.5028424 144000
97.6027853 144000
97.7028804 144000
97.8027375 144000
97.9028215 144000
98.0027714 144000
98.1029065 144000
98.2029345 144000
98.3029103 144000
98.4028563 144000
98.5030143 144000
98.6030545 144000
98.7030685 144000
98.8028955 144000
98.9029415 144000
99.0029225 144000
99.1028683 144000
99.2029793 144000
99.3030014 144000
99.4029334 144000
99.5030684 144000
99.6028924 144000
99.7031324 144000
99.8030095 144000
99.9029634 144000
100.003142 144000
100.102949 144000
100.203009 144000
100.302802 144000
100.402848 144000
100.502968 144000
100.602988 144000
100.702816 144000
100.802806 144000
100.902994 144000
101.002782 144000
101.102921 144000
101.202871 144000
101.302778 144000
101.402776 144000
101.502743 144000
101.602855 144000
101.702891 144000
101.802837 144000
101.903087 144000
102.002954 144000
102.10316 144000
102.203161 144000
102.303104 144000
102.403081 144000
102.50289 144000
102.603061 144000
102.703044 144000
102.80298 144000
102.902993 144000
103.002904 144000
103.102938 144000
103.20296 144000
103.302997 144000
103.402937 144000
103.502944 144000
103.602929 144000
103.703045 144000
103.803059 144000
103.903055 144000
104.00296 144000
104.102988 144000
104.20295 144000
104.302848 144000
104.402943 144000
104.502873 144000
104.602975 144000
104.702802 144000
104.802914 144000
104.902892 144000
105.006676 144000
105.102933 144000
105.202958 144000
105.302951 144000
105.403039 144000
105.502985 144000
105.603098 144000
105.703097 144000
105.802995 144000
105.903008 144000
106.002993 144000
106.103015 144000
106.203017 144000
106.302953 144000
106.403113 144000
106.503075 144000
106.602867 144000
106.7029 144000
106.802814 144000
106.90302 144000
107.00289 144000
107.10302 144000
107.20301 144000
107.302989 144000
107.403103 144000
107.503095 144000
107.60312 144000
107.70314 144000
107.803074 144000
107.903114 144000
108.003062 144000
108.102968 144000
108.203048 144000
108.302987 144000
108.402901 144000
108.503032 144000
108.603031 144000
108.703051 144000
108.802979 144000
108.903172 144000
109.00307 144000
109.103004 144000
109.203032 144000
109.302984 144000
109.402969 144000
109.502949 144000
109.602895 144000
109.702847 144000
109.802722 144000
109.90284 144000
110.002939 144000
110.102966 144000
110.202762 144000
110.302941 144000
110.402925 144000
110.502858 144000
110.602934 144000
110.702788 144000
110.802828 144000
110.902866 144000
111.002867 144000
111.102865 144000
111.202927 144000
111.302913 144000
111.40309 144000
111.503103 144000
111.602999 144000
111.702865 144000
111.803 144000
111.903023 144000
112.003047 144000
112.102958 144000
112.20295 144000
112.302815 144000
112.402966 144000
112.502826 144000
112.60305 144000
112.703043 144000
112.803011 144000
112.902881 144000
113.002934 144000
113.102944 144000
113.202885 144000
113.302881 144000
113.40291 144000
113.502877 144000
113.602918 144000
113.702909 144000
113.802809 144000
113.902938 144000
114.002983 144000
114.102862 144000
114.202906 144000
114.302945 144000
114.403004 144000
114.503126 144000
114.602968 144000
114.703068 144000
114.802933 144000
114.902843 144000
115.003054 144000
115.103002 144000
115.202899 144000
115.302892 144000
115.403073 144000
115.503058 144000
115.602916 144000
115.702936 144000
115.802963 144000
115.902951 144000
116.003134 144000
116.103129 144000
116.202988 144000
116.302958 144000
116.403024 144000
116.502952 144000
116.602928 144000
116.802896 144000
116.902797 144000
117.002759 144000
117.102755 144000
117.202859 144000
117.302804 144000
117.402822 144000
117.502959 144000
117.602852 144000
117.702842 144000
117.802862 144000
117.902979 144000
118.002901 144000
118.102908 144000
118.202947 144000
118.302943 144000
118.402941 144000
118.503042 144000
118.602904 144000
118.703041 144000
118.802955 144000
118.902903 144000
119.002931 144000
119.102906 144000
119.202953 144000
119.302887 144000
119.402876 144000
119.502869 144000
119.602883 144000
119.702863 144000
119.80282 144000
119.903015 144000
120.002954 144000
120.102962 144000
120.202837 144000
120.302914 144000
120.40293 144000
120.503093 144000
120.603171 144000
120.703053 144000
120.802974 144000
120.903042 144000
121.002918 144000
121.102978 144000
121.20293 144000
121.302868 144000
121.402841 144000
121.5028 144000
121.602863 144000
121.802938 144000
122.202911 144000
122.302907 144000
122.402923 144000
122.503079 144000
122.60313 144000
122.703184 144000
122.803222 144000
122.90322 144000
123.003038 144000
123.103053 144000
123.203033 144000
123.30301 144000
123.403128 144000
123.503115 144000
123.603016 144000
123.703044 144000
123.803082 144000
123.903036 144000
124.00306 144000
124.102844 144000
124.202945 144000
124.302822 144000
124.403001 144000
124.502967 144000
124.60285 144000
124.70287 144000
124.802986 144000
124.902987 144000
125.00312 144000
125.102948 144000
125.202904 144000
125.302814 144000
125.402877 144000
125.502761 144000
125.602724 144000
125.702771 144000
125.802802 144000
125.902859 144000
126.002795 144000
126.10271 144000
126.202741 144000
126.302717 144000
126.402831 144000
126.502861 144000
126.602875 144000
126.802995 144000
126.903049 144000
127.002929 144000
127.102991 144000
127.202994 144000
127.302975 144000
127.402962 144000
127.502966 144000
127.602968 144000
127.70277 144000
127.802881 144000
127.902869 144000
128.00281 144000
128.103056 144000
128.203056 144000
128.302925 144000
128.403041 144000
128.503009 144000
128.60294 144000
128.702861 144000
128.802747 144000
128.902985 144000
129.002934 144000
129.102881 144000
129.202889 144000
129.302826 144000
129.402792 144000
129.502961 144000
129.603029 144000
129.703048 144000
129.802953 144000
129.902823 144000
130.002728 144000
130.102722 144000
130.202684 144000
130.302699 144000
130.40273 144000
130.502751 144000
130.602798 144000
130.702833 144000
130.802806 144000
130.902905 144000
131.002959 144000
131.102918 144000
131.202886 144000
131.302814 144000
131.402889 144000
131.502787 144000
131.602757 144000
131.702864 144000
131.802904 144000
131.902761 144000
132.002764 144000
132.102793 144000
132.202767 144000
132.302768 144000
132.402845 144000
132.502959 144000
132.602796 144000
132.702771 144000
132.802753 144000
132.902789 144000
133.002836 144000
133.102953 144000
133.202874 144000
133.302886 144000
133.402889 144000
133.502901 144000
133.602818 144000
133.702855 144000
133.802928 144000
133.902946 144000
134.002813 144000
134.102844 144000
134.202865 144000
134.302855 144000
134.402844 144000
134.502857 144000
134.602872 144000
134.703068 144000
134.802999 144000
134.902977 144000
135.002856 144000
135.102923 144000
135.202958 144000
135.30302 144000
135.403065 144000
135.50309 144000
135.603096 144000
135.703022 144000
135.80317 144000
135.902943 144000
136.002965 144000
136.103053 144000
136.203018 144000
136.303046 144000
136.402884 144000
136.502784 144000
136.602947 144000
136.702885 144000
136.802819 144000
136.902715 144000
137.002753 144000
137.102896 144000
137.202853 144000
137.303064 144000
137.402836 144000
137.502837 144000
137.603024 144000
137.702894 144000
137.802975 144000
137.902982 144000
138.002842 144000
138.102872 144000
138.20301 144000
138.30291 144000
138.403081 144000
138.50287 144000
138.60289 144000
138.702868 144000
138.80295 144000
138.902761 144000
139.002717 144000
139.102803 144000
139.202782 144000
139.303001 144000
139.402905 144000
139.503037 144000
139.602829 144000
139.702813 144000
139.802789 144000
139.902745 144000
140.002928 144000
140.102849 144000
140.202873 144000
140.303051 144000
140.4029 144000
140.502873 144000
140.602823 144000
140.702792 144000
140.80279 144000
140.902869 144000
141.002882 144000
141.10287 144000
141.202797 144000
141.302743 144000
141.402798 144000
141.502755 144000
141.602801 144000
141.702818 144000
141.902882 144000
142.002869 144000
142.102779 144000
142.202891 144000
142.302886 144000
142.402886 144000
142.502939 144000
142.602825 144000
142.702875 144000
142.802893 144000
142.903008 144000
143.003017 144000
143.102981 144000
143.20307 144000
143.303037 144000
143.402999 144000
143.502851 144000
143.6028 144000
143.702796 144000
143.802917 144000
143.902968 144000
144.002898 144000
144.102888 144000
144.202953 144000
144.302928 144000
144.402797 144000
144.502827 144000
144.602883 144000
144.702933 144000
144.802931 144000
144.902941 144000
145.002882 144000
145.102798 144000
145.202668 144000
145.3028 144000
145.402768 144000
145.50281 144000
145.602847 144000
145.702735 144000
145.802711 144000
145.902953 144000
146.002707 144000
146.102741 144000
146.202752 144000
146.302735 144000
146.402874 144000
146.502739 144000
146.602712 144000
146.702804 144000
146.802872 144000
146.902828 144000
147.003028 144000
147.102909 144000
147.203017 144000
147.30286 144000
147.402867 144000
147.502926 144000
147.602916 144000
147.702853 144000
147.802891 144000
147.90297 144000
148.003147 144000
148.103151 144000
148.20311 144000
148.303078 144000
148.402952 144000
148.502972 144000
148.602952 144000
148.703131 144000
148.802918 144000
148.902882 144000
149.002854 144000
149.102808 144000
149.202716 144000
149.302805 144000
149.402668 144000
149.502679 144000
149.602759 144000
149.702672 144000
149.802794 144000
149.902786 144000
150.002772 144000
150.102749 144000
150.20276 144000
150.302804 144000
150.402812 144000
150.502833 144000
150.602796 144000
150.702855 144000
150.802909 144000
150.90292 144000
151.002923 144000
151.102856 144000
151.2027 144000
151.30266 144000
151.402691 144000
151.502798 144000
